0.2444
1.0754
0.3052
0.3986
0.4284
0.2642
0.0780
0.0682
0.0410
0.8010
0.2012
0.1052
0.3950
0.3580
0.8268
0.1076
0.5314
0.1674
0.2886
0.4210
0.0802
0.3288
0.2268
0.1962
0.1490
0.0366
0.2822
0.2972
1.2420
0.0392
0.1398
0.1688
0.0434
0.0836
0.4196
0.4150
0.0466
0.0754
0.3724
0.2026
0.0706
0.1992
0.0466
0.1360
0.4536
0.2006
0.1720
0.4186
0.1002
0.0320
0.6416
0.1644
0.1864
0.2678
0.8386
0.6154
0.1344
0.0094
0.3210
0.5490
0.5870
0.0354
0.1088
0.3532
0.4394
0.5430
0.1580
0.3614
0.0036
0.0232
0.0098
0.2956
0.2566
0.0700
0.5994
0.2734
0.2108
0.0566
0.8454
0.0342
0.7708
0.4260
0.1210
0.4298
0.2032
0.7376
0.1382
1.3978
0.0752
0.0598
0.2658
0.2314
0.7376
0.3196
0.6858
0.8662
0.4464
0.3492
0.1226
0.0794
0.2942
0.4986
0.1640
0.7792
0.1552
0.2234
0.0860
0.0018
0.3046
0.6184
0.2162
0.9548
0.0948
0.1344
0.0998
0.3898
0.0666
1.0176
0.2726
0.4292
0.4530
0.0682
0.0068
0.0510
0.1220
0.0550
0.6554
0.4308
0.0126
0.1354
0.5650
0.0226
0.2714
0.0124
0.8010
0.2516
0.3912
0.6882
0.0846
0.3440
0.0340
0.1522
0.0516
0.3970
1.1604
0.1238
1.8898
0.6358
0.0970
0.1562
0.6006
0.8548
0.1326
0.6566
0.1538
0.0530
0.6724
0.0134
0.2102
0.2110
0.4642
0.2232
0.6292
0.1882
0.3592
0.2990
0.0668
1.6816
0.0844
0.0336
0.4722
0.2118
0.2196
0.3402
0.4174
0.1224
0.6576
0.1120
0.7142
0.1548
0.1974
0.5330
0.1282
0.1220
0.8252
0.0864
0.2400
0.2284
0.0450
1.3606
0.0048
0.1318
0.5888
0.4010
0.2698
0.4238
0.1924
0.8020
0.1876
0.0296
0.5920
0.0938
0.1516
0.0068
0.5440
0.2160
0.4008
0.3832
0.3724
0.3792
0.4258
0.6724
0.2602
0.0354
0.4694
0.2424
0.1812
0.0356
0.0686
0.1136
0.1078
0.0932
0.3766
0.3018
0.0546
0.0720
0.0568
0.9294
0.3428
0.5758
0.2584
1.4296
0.1718
0.3582
0.8328
0.3950
0.7052
0.1480
0.0856
0.0244
0.1174
0.2214
0.0202
0.1772
0.8262
0.2254
0.0764
0.1298
0.3006
0.0216
0.3714
0.3136
0.4548
0.6576
1.1150
0.2278
0.6638
0.2552
0.2472
0.0086
0.1652
0.4568
0.3856
0.1854
0.2808
0.2804
0.6244
0.2738
0.0034
0.3302
0.3516
0.3712
0.4708
0.1436
0.3824
1.1964
0.2418
0.4930
0.0442
0.1858
1.1094
0.3448
0.4756
0.0130
0.2684
0.1362
0.8774
0.0876
0.2406
0.2812
0.0354
0.1088
0.3532
0.4394
0.5430
0.1580
0.3614
0.0036
0.0232
0.0098
0.2956
0.2566
0.0700
0.5994
0.5652
1.1476
0.0078
0.5988
0.2174
0.2482
0.3522
0.0806
1.7706
0.3716
0.3194
0.2970
0.0284
0.2902
0.0028
0.1454
0.1230
0.8442
0.1834
0.0408
0.3446
0.6676
0.2694
0.0134
0.0498
0.1762
0.5772
0.1166
0.0806
0.4976
0.3392
0.3228
0.1676
0.2204
0.0454
0.0596
0.5520
0.9680
0.0030
0.0138
0.1454
0.1628
0.2664
0.1706
0.1606
0.6982
0.0918
0.2334
0.1680
0.0598
0.0474
0.7042
0.0940
0.1628
0.2170
0.3824
0.0796
0.3998
0.2080
0.0198
0.3294
0.0932
0.1894
0.5926
0.1478
0.0642
0.3198
0.4890
0.2460
0.0484
0.0432
0.9718
0.2362
0.4408
0.3886
0.0362
0.0234
0.2018
0.1652
0.6470
0.6254
0.9648
0.3504
0.9154
0.2068
0.0194
0.2576
0.0560
0.0080
0.7454
0.2258
0.1272
0.2996
0.1382
0.0106
0.2702
0.0342
0.2522
0.0398
0.0462
0.8968
0.2168
0.3110
0.2098
0.2834
0.0108
0.1244
0.3598
0.0388
0.1704
0.4418
0.2824
1.1172
1.3282
1.7216
0.0240
0.3952
0.0688
1.0072
0.0382
0.3984
0.5518
0.1098
0.1602
0.2208
0.0772
0.5330
0.3122
0.2008
0.1354
0.1494
0.1374
0.9364
0.4890
1.1190
0.5818
0.5134
0.1168
0.4442
0.4948
0.3532
0.0560
0.0210
0.1588
0.8782
0.9204
0.3244
0.4588
0.0166
0.4390
0.1002
0.0570
0.1172
0.1984
0.0802
0.1868
0.0582
0.0890
0.1362
0.1180
0.3058
0.1078
0.2058
0.1324
0.1618
0.0688
0.1568
0.1014
0.4526
0.0714
0.7326
0.1526
0.2026
0.2528
0.3988
1.4626
0.0620
0.1558
1.2900
0.5248
0.3766
0.0942
0.1052
0.0828
0.5698
0.5986
0.2998
0.5614
0.1240
0.0678
0.3520
0.0582
0.1666
0.2392
0.2708
0.0158
0.1818
0.1394
0.1032
0.0922
0.0604
0.0440
0.1024
0.1948
0.2436
0.1210
0.3134
0.1944
0.2218
0.0726
0.0186
0.0756
0.5364
0.1032
0.7252
0.0822
0.2294
0.1546
0.0410
0.1812
0.3676
0.3480
0.7518
0.9846
0.3618
0.0974
0.2740
0.1544
1.5204
0.1402
0.0696
0.3998
0.2010
0.2826
0.1830
0.5302
0.1494
0.0868
1.2624
0.2248
0.7620
0.4660
0.0860
0.3490
0.0800
0.0346
0.9346
0.0804
1.7216
0.0240
0.3952
0.0688
1.0072
0.0382
0.3984
0.5518
0.1098
0.1602
0.2208
0.0772
0.5330
0.3122
0.2008
0.1354
0.3158
0.0606
0.4544
0.2770
0.0508
0.1826
0.1876
1.1614
0.1538
0.3732
0.1062
0.2378
0.0262
0.5476
0.1660
0.2110
0.3744
0.0358
0.0092
0.3150
0.3706
0.1704
0.2104
0.0584
0.1666
0.0084
0.0712
0.0430
0.2508
0.1916
0.4688
0.1958
0.1056
0.1320
0.0606
0.3420
0.8654
0.1888
0.3002
0.3872
0.8020
0.0620
0.3732
0.2098
0.0936
1.2936
0.1942
0.0412
0.5402
0.3232
0.0982
0.0260
0.5462
0.3494
0.8006
0.2308
0.0502
0.0260
0.3656
0.3864
0.1900
0.7658
0.0920
0.2056
0.0468
0.1438
0.0462
0.0166
0.0432
0.0308
0.1826
0.2086
0.0492
0.1316
0.1656
0.7162
0.1202
0.1822
0.2102
0.3896
0.0082
0.2560
0.1714
0.8908
0.1636
0.2142
0.0552
0.0582
0.0038
0.5018
0.1042
0.5578
0.1032
1.0348
0.4026
0.8002
0.4980
0.4646
0.5366
0.1360
0.1312
0.2562
0.0462
0.0576
0.0482
0.1222
1.1544
0.0666
0.1966
0.1676
0.4380
0.1046
0.0226
0.1320
0.5178
0.0164
0.3798
0.2260
0.7236
0.3674
0.0676
0.1418
0.0730
0.3566
0.1750
0.1630
0.5948
0.1310
0.9702
0.1090
0.3848
0.0048
0.3794
0.1154
0.2868
0.0204
0.1772
0.0090
0.0166
0.5448
0.3704
0.5874
0.1410
0.0794
0.1832
0.7218
0.4152
0.1346
0.9794
0.9162
0.1034
0.0046
0.6898
0.3116
0.0298
0.2420
0.3624
1.2012
0.0160
0.0764
0.2742
0.0366
0.1528
0.0094
0.4470
0.2862
0.0052
0.1008
0.2268
0.1748
0.0572
0.1284
1.7152
1.2738
0.0204
0.0396
0.5176
0.6726
0.4274
0.0570
0.0324
0.3964
0.4616
0.6200
0.1810
0.2674
0.0912
0.2358
1.2384
0.7520
0.0170
0.2210
0.0022
0.4890
0.1516
0.5834
0.1114
0.5900
0.0532
0.3386
0.0422
0.0380
0.2502
0.0576
0.8538
0.2818
0.1220
0.0236
2.0054
0.1826
0.5952
0.1840
0.7706
0.6164
0.0268
0.0544
0.0410
2.2086
0.0274
0.0734
0.1374
0.4056
0.7826
0.5908
0.9500
0.5462
0.0506
0.1798
0.0236
0.9004
0.3856
0.5166
0.3104
1.4556
0.0678
0.4650
0.6586
0.2450
0.2822
0.6076
1.1576
0.1376
0.1432
0.0088
0.7288
0.1648
1.1308
0.5812
0.2506
0.3472
1.5710
1.1608
0.1444
0.4078
0.1610
0.0856
0.0220
0.3368
0.0242
0.0850
0.0218
0.2684
0.2430
0.0014
0.1178
0.3900
0.1930
0.2922
0.4086
0.8812
0.6492
0.6422
0.4106
0.1462
0.7222
0.1306
0.3462
0.2538
0.0790
0.3784
0.0514
0.0466
0.6550
0.2330
0.2344
0.6002
0.4612
0.1062
0.3282
0.2016
1.2796
0.1574
0.2916
0.0624
0.0944
0.8566
0.5718
0.0972
0.0442
0.0896
0.0448
0.1830
0.0870
0.0454
0.0984
0.1758
0.5494
0.3432
0.0402
0.5564
0.2728
0.0608
0.2054
0.1892
0.4128
0.1784
0.2530
1.3600
0.3310
0.4638
0.1864
0.0386
0.1084
0.7402
0.6020
0.0792
0.2470
0.1808
0.1198
0.4908
0.0992
0.3218
0.6704
0.1186
1.7276
0.1694
0.0580
0.7420
0.6760
0.7976
0.3962
0.1684
0.1170
0.0580
0.0344
0.1620
0.3610
0.2746
0.8740
0.1058
0.0848
0.1454
0.0460
0.0668
0.1874
0.5202
1.1338
0.2426
0.1020
0.0012
0.3726
0.2168
0.2188
0.1336
0.4398
0.0308
0.3680
0.4136
0.8504
0.5016
0.1990
0.2982
0.6720
0.0726
0.4410
0.5784
0.2778
0.3912
0.1728
0.8948
0.1482
0.6336
0.6440
0.2830
0.0760
0.3092
0.0342
0.2070
0.2794
0.1582
0.1600
0.0334
0.0462
0.2212
0.0280
0.2240
0.3210
0.1436
0.2310
0.0782
0.2270
0.2420
0.2130
0.2904
0.3292
0.0892
0.0482
0.0250
0.0962
0.0136
0.2768
0.1126
0.0078
0.5646
0.9430
0.2872
0.3356
0.3708
0.2628
0.0446
0.1360
0.0628
0.0050
0.2706
0.0912
0.0688
0.2880
0.2076
0.1376
0.2800
0.8974
0.1882
0.2738
0.1566
0.2440
0.4182
0.3248
0.0850
0.5290
0.8848
0.1528
0.0622
0.7288
0.2064
1.2330
0.3174
0.0562
0.0828
0.0836
0.0986
0.7866
0.5406
0.1104
0.9290
1.2252
0.0346
0.3334
0.1232
0.0354
0.1314
0.3174
0.4646